111111111111111111111111111111111
111111111111111111111111111111111
111111111111111111111111111111111
111111111111111111111111111111111
111111111111111111111111111111111
111111111111111111111111111111111
111111111111111111111111111111111
1111111111111S11111G1111111111111
111111111111111111111111111111111
111111111111111111111111111111111
111111111111111111111111111111111
111111111111111111111111111111111
111111111111111111111111111111111
111111111111111111111111111111111
111111111111111111111111111111111
111111111111111111111111111111111
