./venv/bin/python3 server.py
 * Serving Flask app 'server'
 * Debug mode: on
111111111111111111111111111111111
111111111111111111111111111111111
111111111111111111111111111111111
111111111111111111111111111111111
111111111111111111111111111111111
111111111111111111111111111111111
111111111111111111111111111111111
1111111111111S11111G1111111111111
111111111111111111111111111111111
111111111111111111111111111111111
111111111111111111111111111111111
111111111111111111111111111111111
111111111111111111111111111111111
111111111111111111111111111111111
111111111111111111111111111111111
111111111111111111111111111111111

Algorithm: bfs
Heuristic: manhattan
[(13, 7), (14, 6), (15, 5), (16, 4), (17, 5), (18, 6), (19, 7)]
Number of visited nodes: 203
Path length: 7
Path cost: 8.485281374238571
111111111111111111111111111111111
111111111111111111111111111111111
111111111111111111111111111111111
111111111111111111111111111111111
111111111111111111111111111111111
111111111111111111111111111111111
111111111111111111111111111111111
1111111111111S11111G1111111111111
111111111111111111111111111111111
111111111111111111111111111111111
111111111111111111111111111111111
111111111111111111111111111111111
111111111111111111111111111111111
111111111111111111111111111111111
111111111111111111111111111111111
111111111111111111111111111111111

Algorithm: dfs
Heuristic: manhattan
[(13, 7), (14, 8), (15, 9), (16, 10), (17, 11), (18, 12), (19, 13), (20, 14), (21, 15), (22, 15), (23, 15), (24, 15), (25, 15), (26, 15), (27, 15), (28, 15), (29, 15), (30, 15), (31, 15), (32, 14), (32, 13), (32, 12), (32, 11), (32, 10), (32, 9), (32, 8), (32, 7), (32, 6), (32, 5), (32, 4), (32, 3), (32, 2), (32, 1), (31, 0), (30, 1), (30, 2), (30, 3), (30, 4), (30, 5), (30, 6), (30, 7), (30, 8), (30, 9), (30, 10), (30, 11), (30, 12), (29, 13), (28, 13), (27, 13), (26, 13), (25, 13), (24, 13), (23, 13), (22, 13), (21, 12), (22, 11), (23, 11), (24, 11), (25, 11), (26, 11), (27, 11), (28, 10), (28, 9), (28, 8), (28, 7), (28, 6), (28, 5), (28, 4), (28, 3), (28, 2), (28, 1), (27, 0), (26, 1), (26, 2), (26, 3), (26, 4), (26, 5), (26, 6), (26, 7), (26, 8), (25, 9), (24, 9), (23, 9), (22, 9), (21, 9), (20, 10), (19, 10), (18, 9), (19, 8), (19, 7)]
Number of visited nodes: 528
Path length: 90
Path cost: 97.69848480983497
111111111111111111111111111111111
111111111111111111111111111111111
111111111111111111111111111111111
111111111111111111111111111111111
111111111111111111111111111111111
111111111111111111111111111111111
111111111111111111111111111111111
1111111111111S11111G1111111111111
111111111111111111111111111111111
111111111111111111111111111111111
111111111111111111111111111111111
111111111111111111111111111111111
111111111111111111111111111111111
111111111111111111111111111111111
111111111111111111111111111111111
111111111111111111111111111111111

Algorithm: ucs
Heuristic: manhattan
[(13, 7), (14, 7), (15, 7), (16, 7), (17, 7), (18, 7), (19, 7)]
Number of visited nodes: 158
Path length: 7
Path cost: 6.0
111111111111111111111111111111111
111111111111111111111111111111111
111111111111111111111111111111111
111111111111111111111111111111111
111111111111111111111111111111111
111111111111111111111111111111111
111111111111111111111111111111111
1111111111111S11111G1111111111111
111111111111111111111111111111111
111111111111111111111111111111111
111111111111111111111111111111111
111111111111111111111111111111111
111111111111111111111111111111111
111111111111111111111111111111111
111111111111111111111111111111111
111111111111111111111111111111111

Algorithm: greedy
Heuristic: euclidian
[(13, 7), (14, 7), (15, 7), (16, 7), (17, 7), (18, 7), (19, 7)]
Number of visited nodes: 24
Path length: 7
Path cost: 6.0
111111111111111111111111111111111
111111111111111111111111111111111
111111111111111111111111111111111
111111111111111111111111111111111
111111111111111111111111111111111
111111111111111111111111111111111
111111111111111111111111111111111
1111111111111S11111G1111111111111
111111111111111111111111111111111
111111111111111111111111111111111
111111111111111111111111111111111
111111111111111111111111111111111
111111111111111111111111111111111
111111111111111111111111111111111
111111111111111111111111111111111
111111111111111111111111111111111

Algorithm: greedy
Heuristic: manhattan
[(13, 7), (14, 7), (15, 7), (16, 7), (17, 7), (18, 7), (19, 7)]
Number of visited nodes: 24
Path length: 7
Path cost: 6.0
111111111111111111111111111111111
111111111111111111111111111111111
111111111111111111111111111111111
111111111111111111111111111111111
111111111111111111111111111111111
111111111111111111111111111111111
111111111111111111111111111111111
1111111111111S11111G1111111111111
111111111111111111111111111111111
111111111111111111111111111111111
111111111111111111111111111111111
111111111111111111111111111111111
111111111111111111111111111111111
111111111111111111111111111111111
111111111111111111111111111111111
111111111111111111111111111111111

Algorithm: astar
Heuristic: euclidian
[(13, 7), (14, 7), (15, 7), (16, 7), (17, 7), (18, 7), (19, 7)]
Number of visited nodes: 24
Path length: 7
Path cost: 6.0
111111111111111111111111111111111
111111111111111111111111111111111
111111111111111111111111111111111
111111111111111111111111111111111
111111111111111111111111111111111
111111111111111111111111111111111
111111111111111111111111111111111
1111111111111S11111G1111111111111
111111111111111111111111111111111
111111111111111111111111111111111
111111111111111111111111111111111
111111111111111111111111111111111
111111111111111111111111111111111
111111111111111111111111111111111
111111111111111111111111111111111
111111111111111111111111111111111

Algorithm: astar
Heuristic: manhattan
[(13, 7), (14, 7), (15, 7), (16, 7), (17, 7), (18, 7), (19, 7)]
Number of visited nodes: 24
Path length: 7
Path cost: 6.0
