./venv/bin/python3 server.py
 * Serving Flask app 'server'
 * Debug mode: on
1111111111111111111111111111111111111111
1111111111111111111111111111111111G11111
11111XXXXXXXXXXXXXXXXXXXXXXXXXXXXXXX1111
11111111111111111111111111111111111X1111
11111111111111111111111111111111111X1111
11111111111111111111111111111111111X1111
11111111111111111111111111111111111X1111
11111111111111111111111111111111111X1111
11111111111111111111111111111111111X1111
11111111111111111111111111111111111X1111
11111111111111111111111111111111111X1111
11111111111111111111111111111111111X1111
11111111111111111111111111111111111X1111
11111111111111111111111111111111111X1111
11111111111111111111111111111111111X1111
1S111XXXXXXXXXXXXXXXXXXXXXXXXXXXXXXX1111
1111111111111111111111111111111111111111
1111111111111111111111111111111111111111
1111111111111111111111111111111111111111

Algorithm: bfs
Heuristic: manhattan
[(1, 15), (0, 14), (0, 13), (0, 12), (0, 11), (0, 10), (0, 9), (0, 8), (0, 7), (0, 6), (1, 5), (2, 4), (3, 3), (4, 2), (5, 1), (6, 0), (7, 0), (8, 0), (9, 0), (10, 0), (11, 0), (12, 0), (13, 0), (14, 0), (15, 0), (16, 0), (17, 0), (18, 0), (19, 0), (20, 0), (21, 0), (22, 0), (23, 0), (24, 0), (25, 0), (26, 0), (27, 0), (28, 0), (29, 0), (30, 0), (31, 0), (32, 0), (33, 0), (34, 1)]
Number of visited nodes: 658
Path length: 44
Path cost: 46.31370849898477
1111111111111111111111111111111111111111
1111111111111111111111111111111111G11111
11111XXXXXXXXXXXXXXXXXXXXXXXXXXXXXXX1111
11111111111111111111111111111111111X1111
11111111111111111111111111111111111X1111
11111111111111111111111111111111111X1111
11111111111111111111111111111111111X1111
11111111111111111111111111111111111X1111
11111111111111111111111111111111111X1111
11111111111111111111111111111111111X1111
11111111111111111111111111111111111X1111
11111111111111111111111111111111111X1111
11111111111111111111111111111111111X1111
11111111111111111111111111111111111X1111
11111111111111111111111111111111111X1111
1S111XXXXXXXXXXXXXXXXXXXXXXXXXXXXXXX1111
1111111111111111111111111111111111111111
1111111111111111111111111111111111111111
1111111111111111111111111111111111111111

Algorithm: dfs
Heuristic: manhattan
[(1, 15), (2, 16), (3, 17), (4, 18), (5, 18), (6, 18), (7, 18), (8, 18), (9, 18), (10, 18), (11, 18), (12, 18), (13, 18), (14, 18), (15, 18), (16, 18), (17, 18), (18, 18), (19, 18), (20, 18), (21, 18), (22, 18), (23, 18), (24, 18), (25, 18), (26, 18), (27, 18), (28, 18), (29, 18), (30, 18), (31, 18), (32, 18), (33, 18), (34, 18), (35, 18), (36, 18), (37, 18), (38, 18), (39, 17), (39, 16), (39, 15), (39, 14), (39, 13), (39, 12), (39, 11), (39, 10), (39, 9), (39, 8), (39, 7), (39, 6), (39, 5), (39, 4), (39, 3), (39, 2), (39, 1), (38, 0), (37, 1), (37, 2), (37, 3), (37, 4), (37, 5), (37, 6), (37, 7), (37, 8), (37, 9), (37, 10), (37, 11), (37, 12), (37, 13), (37, 14), (37, 15), (36, 16), (35, 16), (34, 16), (33, 16), (32, 16), (31, 16), (30, 16), (29, 16), (28, 16), (27, 16), (26, 16), (25, 16), (24, 16), (23, 16), (22, 16), (21, 16), (20, 16), (19, 16), (18, 16), (17, 16), (16, 16), (15, 16), (14, 16), (13, 16), (12, 16), (11, 16), (10, 16), (9, 16), (8, 16), (7, 16), (6, 16), (5, 16), (4, 15), (5, 14), (6, 14), (7, 14), (8, 14), (9, 14), (10, 14), (11, 14), (12, 14), (13, 14), (14, 14), (15, 14), (16, 14), (17, 14), (18, 14), (19, 14), (20, 14), (21, 14), (22, 14), (23, 14), (24, 14), (25, 14), (26, 14), (27, 14), (28, 14), (29, 14), (30, 14), (31, 14), (32, 14), (33, 14), (34, 13), (34, 12), (34, 11), (34, 10), (34, 9), (34, 8), (34, 7), (34, 6), (34, 5), (34, 4), (33, 3), (32, 4), (32, 5), (32, 6), (32, 7), (32, 8), (32, 9), (32, 10), (32, 11), (31, 12), (30, 12), (29, 12), (28, 12), (27, 12), (26, 12), (25, 12), (24, 12), (23, 12), (22, 12), (21, 12), (20, 12), (19, 12), (18, 12), (17, 12), (16, 12), (15, 12), (14, 12), (13, 12), (12, 12), (11, 12), (10, 12), (9, 12), (8, 12), (7, 12), (6, 12), (5, 12), (4, 12), (3, 13), (2, 13), (1, 13), (0, 12), (1, 11), (2, 11), (3, 10), (4, 10), (5, 10), (6, 10), (7, 10), (8, 10), (9, 10), (10, 10), (11, 10), (12, 10), (13, 10), (14, 10), (15, 10), (16, 10), (17, 10), (18, 10), (19, 10), (20, 10), (21, 10), (22, 10), (23, 10), (24, 10), (25, 10), (26, 10), (27, 10), (28, 10), (29, 10), (30, 9), (30, 8), (30, 7), (30, 6), (30, 5), (30, 4), (29, 3), (28, 4), (28, 5), (28, 6), (28, 7), (27, 8), (26, 8), (25, 8), (24, 8), (23, 8), (22, 8), (21, 8), (20, 8), (19, 8), (18, 8), (17, 8), (16, 8), (15, 8), (14, 8), (13, 8), (12, 8), (11, 8), (10, 8), (9, 8), (8, 8), (7, 8), (6, 8), (5, 8), (4, 8), (3, 8), (2, 8), (1, 9), (0, 8), (0, 7), (1, 6), (2, 6), (3, 6), (4, 6), (5, 6), (6, 6), (7, 6), (8, 6), (9, 6), (10, 6), (11, 6), (12, 6), (13, 6), (14, 6), (15, 6), (16, 6), (17, 6), (18, 6), (19, 6), (20, 6), (21, 6), (22, 6), (23, 6), (24, 6), (25, 6), (26, 5), (26, 4), (25, 3), (24, 4), (23, 4), (22, 4), (21, 4), (20, 4), (19, 4), (18, 4), (17, 4), (16, 4), (15, 4), (14, 4), (13, 4), (12, 4), (11, 4), (10, 4), (9, 4), (8, 4), (7, 4), (6, 4), (5, 4), (4, 4), (3, 4), (2, 4), (1, 4), (0, 3), (1, 2), (2, 2), (3, 2), (4, 2), (5, 1), (6, 1), (7, 1), (8, 1), (9, 1), (10, 1), (11, 1), (12, 1), (13, 1), (14, 1), (15, 1), (16, 1), (17, 1), (18, 1), (19, 1), (20, 1), (21, 1), (22, 1), (23, 1), (24, 1), (25, 1), (26, 1), (27, 1), (28, 1), (29, 1), (30, 1), (31, 1), (32, 1), (33, 1), (34, 1)]
Number of visited nodes: 677
Path length: 340
Path cost: 351.4264068711931
1111111111111111111111111111111111111111
1111111111111111111111111111111111G11111
11111XXXXXXXXXXXXXXXXXXXXXXXXXXXXXXX1111
11111111111111111111111111111111111X1111
11111111111111111111111111111111111X1111
11111111111111111111111111111111111X1111
11111111111111111111111111111111111X1111
11111111111111111111111111111111111X1111
11111111111111111111111111111111111X1111
11111111111111111111111111111111111X1111
11111111111111111111111111111111111X1111
11111111111111111111111111111111111X1111
11111111111111111111111111111111111X1111
11111111111111111111111111111111111X1111
11111111111111111111111111111111111X1111
1S111XXXXXXXXXXXXXXXXXXXXXXXXXXXXXXX1111
1111111111111111111111111111111111111111
1111111111111111111111111111111111111111
1111111111111111111111111111111111111111

Algorithm: ucs
Heuristic: manhattan
[(1, 15), (1, 14), (1, 13), (1, 12), (1, 11), (1, 10), (1, 9), (1, 8), (1, 7), (1, 6), (1, 5), (2, 4), (3, 3), (4, 2), (5, 1), (6, 1), (7, 1), (8, 1), (9, 1), (10, 1), (11, 1), (12, 1), (13, 1), (14, 1), (15, 1), (16, 1), (17, 1), (18, 1), (19, 1), (20, 1), (21, 1), (22, 1), (23, 1), (24, 1), (25, 1), (26, 1), (27, 1), (28, 1), (29, 1), (30, 1), (31, 1), (32, 1), (33, 1), (34, 1)]
Number of visited nodes: 660
Path length: 44
Path cost: 44.65685424949238
1111111111111111111111111111111111111111
1111111111111111111111111111111111G11111
11111XXXXXXXXXXXXXXXXXXXXXXXXXXXXXXX1111
11111111111111111111111111111111111X1111
11111111111111111111111111111111111X1111
11111111111111111111111111111111111X1111
11111111111111111111111111111111111X1111
11111111111111111111111111111111111X1111
11111111111111111111111111111111111X1111
11111111111111111111111111111111111X1111
11111111111111111111111111111111111X1111
11111111111111111111111111111111111X1111
11111111111111111111111111111111111X1111
11111111111111111111111111111111111X1111
11111111111111111111111111111111111X1111
1S111XXXXXXXXXXXXXXXXXXXXXXXXXXXXXXX1111
1111111111111111111111111111111111111111
1111111111111111111111111111111111111111
1111111111111111111111111111111111111111

Algorithm: greedy
Heuristic: euclidian
[(1, 15), (2, 14), (3, 13), (4, 12), (5, 11), (6, 10), (7, 9), (8, 8), (9, 7), (10, 6), (11, 5), (12, 4), (11, 3), (10, 3), (9, 3), (8, 3), (7, 3), (6, 3), (5, 3), (4, 2), (5, 1), (6, 1), (7, 1), (8, 1), (9, 1), (10, 1), (11, 1), (12, 1), (13, 1), (14, 1), (15, 1), (16, 1), (17, 1), (18, 1), (19, 1), (20, 1), (21, 1), (22, 1), (23, 1), (24, 1), (25, 1), (26, 1), (27, 1), (28, 1), (29, 1), (30, 1), (31, 1), (32, 1), (33, 1), (34, 1)]
Number of visited nodes: 454
Path length: 50
Path cost: 54.798989873223334
1111111111111111111111111111111111111111
1111111111111111111111111111111111G11111
11111XXXXXXXXXXXXXXXXXXXXXXXXXXXXXXX1111
11111111111111111111111111111111111X1111
11111111111111111111111111111111111X1111
11111111111111111111111111111111111X1111
11111111111111111111111111111111111X1111
11111111111111111111111111111111111X1111
11111111111111111111111111111111111X1111
11111111111111111111111111111111111X1111
11111111111111111111111111111111111X1111
11111111111111111111111111111111111X1111
11111111111111111111111111111111111X1111
11111111111111111111111111111111111X1111
11111111111111111111111111111111111X1111
1S111XXXXXXXXXXXXXXXXXXXXXXXXXXXXXXX1111
1111111111111111111111111111111111111111
1111111111111111111111111111111111111111
1111111111111111111111111111111111111111

Algorithm: greedy
Heuristic: manhattan
[(1, 15), (2, 14), (3, 13), (4, 12), (5, 11), (6, 10), (7, 9), (8, 8), (9, 7), (10, 6), (11, 5), (12, 4), (11, 3), (10, 3), (9, 3), (8, 3), (7, 3), (6, 3), (5, 3), (4, 2), (5, 1), (6, 1), (7, 1), (8, 1), (9, 1), (10, 1), (11, 1), (12, 1), (13, 1), (14, 1), (15, 1), (16, 1), (17, 1), (18, 1), (19, 1), (20, 1), (21, 1), (22, 1), (23, 1), (24, 1), (25, 1), (26, 1), (27, 1), (28, 1), (29, 1), (30, 1), (31, 1), (32, 1), (33, 1), (34, 1)]
Number of visited nodes: 414
Path length: 50
Path cost: 54.798989873223334
1111111111111111111111111111111111111111
1111111111111111111111111111111111G11111
11111XXXXXXXXXXXXXXXXXXXXXXXXXXXXXXX1111
11111111111111111111111111111111111X1111
11111111111111111111111111111111111X1111
11111111111111111111111111111111111X1111
11111111111111111111111111111111111X1111
11111111111111111111111111111111111X1111
11111111111111111111111111111111111X1111
11111111111111111111111111111111111X1111
11111111111111111111111111111111111X1111
11111111111111111111111111111111111X1111
11111111111111111111111111111111111X1111
11111111111111111111111111111111111X1111
11111111111111111111111111111111111X1111
1S111XXXXXXXXXXXXXXXXXXXXXXXXXXXXXXX1111
1111111111111111111111111111111111111111
1111111111111111111111111111111111111111
1111111111111111111111111111111111111111

Algorithm: astar
Heuristic: euclidian
[(1, 15), (2, 14), (3, 13), (4, 12), (5, 11), (6, 10), (7, 9), (8, 8), (9, 7), (8, 6), (7, 5), (6, 4), (5, 3), (4, 2), (5, 1), (6, 1), (7, 1), (8, 1), (9, 1), (10, 1), (11, 1), (12, 1), (13, 1), (14, 1), (15, 1), (16, 1), (17, 1), (18, 1), (19, 1), (20, 1), (21, 1), (22, 1), (23, 1), (24, 1), (25, 1), (26, 1), (27, 1), (28, 1), (29, 1), (30, 1), (31, 1), (32, 1), (33, 1), (34, 1)]
Number of visited nodes: 593
Path length: 44
Path cost: 48.798989873223334
1111111111111111111111111111111111111111
1111111111111111111111111111111111G11111
11111XXXXXXXXXXXXXXXXXXXXXXXXXXXXXXX1111
11111111111111111111111111111111111X1111
11111111111111111111111111111111111X1111
11111111111111111111111111111111111X1111
11111111111111111111111111111111111X1111
11111111111111111111111111111111111X1111
11111111111111111111111111111111111X1111
11111111111111111111111111111111111X1111
11111111111111111111111111111111111X1111
11111111111111111111111111111111111X1111
11111111111111111111111111111111111X1111
11111111111111111111111111111111111X1111
11111111111111111111111111111111111X1111
1S111XXXXXXXXXXXXXXXXXXXXXXXXXXXXXXX1111
1111111111111111111111111111111111111111
1111111111111111111111111111111111111111
1111111111111111111111111111111111111111

Algorithm: astar
Heuristic: manhattan
[(1, 15), (2, 14), (3, 13), (4, 12), (5, 11), (6, 10), (7, 9), (8, 8), (8, 7), (7, 6), (6, 5), (5, 4), (4, 3), (4, 2), (5, 1), (6, 1), (7, 1), (8, 1), (9, 1), (10, 1), (11, 1), (12, 1), (13, 1), (14, 1), (15, 1), (16, 1), (17, 1), (18, 1), (19, 1), (20, 1), (21, 1), (22, 1), (23, 1), (24, 1), (25, 1), (26, 1), (27, 1), (28, 1), (29, 1), (30, 1), (31, 1), (32, 1), (33, 1), (34, 1)]
Number of visited nodes: 405
Path length: 44
Path cost: 47.97056274847715
