./venv/bin/python3 server.py
 * Serving Flask app 'server'
 * Debug mode: on
XXXXXXXXXXXXXXXXXXXXXXXXXXXXXXXXX
XS111111111111111111111111111111X
X11111111111111111111111111111X1X
X11111111111111111111111111111X1X
X11111111111111111111111111111X1X
X11111111111111111111111111111X1X
X11111111111111111111111111111X1X
X11111111111111111111111111111X1X
X11111111111111111111111111111X1X
X11111111111111111111111111111X1X
X11111111111111111111111111111X1X
X11111111111111111111111111111X1X
X11111111111111111111111111111X1X
X1XXXXXXXXXXXXXXXXXXXXXXXXXXXXX1X
X111111111111111111111111111111GX
XXXXXXXXXXXXXXXXXXXXXXXXXXXXXXXXX

Algorithm: bfs
Heuristic: manhattan
[(1, 1), (2, 1), (3, 1), (4, 1), (5, 1), (6, 1), (7, 1), (8, 1), (9, 1), (10, 1), (11, 1), (12, 1), (13, 1), (14, 1), (15, 1), (16, 1), (17, 1), (18, 1), (19, 1), (20, 1), (21, 1), (22, 1), (23, 1), (24, 1), (25, 1), (26, 1), (27, 1), (28, 1), (29, 1), (30, 1), (31, 2), (31, 3), (31, 4), (31, 5), (31, 6), (31, 7), (31, 8), (31, 9), (31, 10), (31, 11), (31, 12), (31, 13), (31, 14)]
Number of visited nodes: 394
Path length: 43
Path cost: 42.41421356237309
XXXXXXXXXXXXXXXXXXXXXXXXXXXXXXXXX
XS111111111111111111111111111111X
X11111111111111111111111111111X1X
X11111111111111111111111111111X1X
X11111111111111111111111111111X1X
X11111111111111111111111111111X1X
X11111111111111111111111111111X1X
X11111111111111111111111111111X1X
X11111111111111111111111111111X1X
X11111111111111111111111111111X1X
X11111111111111111111111111111X1X
X11111111111111111111111111111X1X
X11111111111111111111111111111X1X
X1XXXXXXXXXXXXXXXXXXXXXXXXXXXXX1X
X111111111111111111111111111111GX
XXXXXXXXXXXXXXXXXXXXXXXXXXXXXXXXX

Algorithm: dfs
Heuristic: manhattan
[(1, 1), (2, 2), (3, 3), (4, 4), (5, 5), (6, 6), (7, 7), (8, 8), (9, 9), (10, 10), (11, 11), (12, 12), (13, 12), (14, 12), (15, 12), (16, 12), (17, 12), (18, 12), (19, 12), (20, 12), (21, 12), (22, 12), (23, 12), (24, 12), (25, 12), (26, 12), (27, 12), (28, 12), (29, 11), (29, 10), (29, 9), (29, 8), (29, 7), (29, 6), (29, 5), (29, 4), (29, 3), (29, 2), (30, 1), (31, 2), (31, 3), (31, 4), (31, 5), (31, 6), (31, 7), (31, 8), (31, 9), (31, 10), (31, 11), (31, 12), (31, 13), (31, 14)]
Number of visited nodes: 124
Path length: 52
Path cost: 56.79898987322333
XXXXXXXXXXXXXXXXXXXXXXXXXXXXXXXXX
XS111111111111111111111111111111X
X11111111111111111111111111111X1X
X11111111111111111111111111111X1X
X11111111111111111111111111111X1X
X11111111111111111111111111111X1X
X11111111111111111111111111111X1X
X11111111111111111111111111111X1X
X11111111111111111111111111111X1X
X11111111111111111111111111111X1X
X11111111111111111111111111111X1X
X11111111111111111111111111111X1X
X11111111111111111111111111111X1X
X1XXXXXXXXXXXXXXXXXXXXXXXXXXXXX1X
X111111111111111111111111111111GX
XXXXXXXXXXXXXXXXXXXXXXXXXXXXXXXXX

Algorithm: ucs
Heuristic: manhattan
[(1, 1), (1, 2), (1, 3), (1, 4), (1, 5), (1, 6), (1, 7), (1, 8), (1, 9), (1, 10), (1, 11), (1, 12), (1, 13), (2, 14), (3, 14), (4, 14), (5, 14), (6, 14), (7, 14), (8, 14), (9, 14), (10, 14), (11, 14), (12, 14), (13, 14), (14, 14), (15, 14), (16, 14), (17, 14), (18, 14), (19, 14), (20, 14), (21, 14), (22, 14), (23, 14), (24, 14), (25, 14), (26, 14), (27, 14), (28, 14), (29, 14), (30, 14), (31, 14)]
Number of visited nodes: 394
Path length: 43
Path cost: 42.41421356237309
XXXXXXXXXXXXXXXXXXXXXXXXXXXXXXXXX
XS111111111111111111111111111111X
X11111111111111111111111111111X1X
X11111111111111111111111111111X1X
X11111111111111111111111111111X1X
X11111111111111111111111111111X1X
X11111111111111111111111111111X1X
X11111111111111111111111111111X1X
X11111111111111111111111111111X1X
X11111111111111111111111111111X1X
X11111111111111111111111111111X1X
X11111111111111111111111111111X1X
X11111111111111111111111111111X1X
X1XXXXXXXXXXXXXXXXXXXXXXXXXXXXX1X
X111111111111111111111111111111GX
XXXXXXXXXXXXXXXXXXXXXXXXXXXXXXXXX

Algorithm: greedy
Heuristic: euclidian
[(1, 1), (2, 2), (3, 3), (4, 4), (5, 5), (6, 6), (7, 7), (8, 8), (9, 9), (10, 10), (11, 11), (12, 12), (13, 12), (14, 12), (15, 12), (16, 12), (17, 12), (18, 12), (19, 12), (20, 12), (21, 12), (22, 12), (23, 12), (24, 12), (25, 12), (26, 12), (27, 12), (28, 12), (29, 11), (29, 10), (29, 9), (29, 8), (29, 7), (29, 6), (29, 5), (29, 4), (29, 3), (29, 2), (30, 1), (31, 2), (31, 3), (31, 4), (31, 5), (31, 6), (31, 7), (31, 8), (31, 9), (31, 10), (31, 11), (31, 12), (31, 13), (31, 14)]
Number of visited nodes: 201
Path length: 52
Path cost: 56.79898987322333
XXXXXXXXXXXXXXXXXXXXXXXXXXXXXXXXX
XS111111111111111111111111111111X
X11111111111111111111111111111X1X
X11111111111111111111111111111X1X
X11111111111111111111111111111X1X
X11111111111111111111111111111X1X
X11111111111111111111111111111X1X
X11111111111111111111111111111X1X
X11111111111111111111111111111X1X
X11111111111111111111111111111X1X
X11111111111111111111111111111X1X
X11111111111111111111111111111X1X
X11111111111111111111111111111X1X
X1XXXXXXXXXXXXXXXXXXXXXXXXXXXXX1X
X111111111111111111111111111111GX
XXXXXXXXXXXXXXXXXXXXXXXXXXXXXXXXX

Algorithm: greedy
Heuristic: manhattan
[(1, 1), (2, 2), (3, 3), (4, 4), (5, 5), (6, 6), (7, 7), (8, 8), (9, 9), (10, 10), (11, 11), (12, 12), (13, 12), (14, 12), (15, 12), (16, 12), (17, 12), (18, 12), (19, 12), (20, 12), (21, 12), (22, 12), (23, 12), (24, 12), (25, 12), (26, 12), (27, 12), (28, 12), (29, 11), (29, 10), (29, 9), (29, 8), (29, 7), (29, 6), (29, 5), (29, 4), (29, 3), (29, 2), (30, 1), (31, 2), (31, 3), (31, 4), (31, 5), (31, 6), (31, 7), (31, 8), (31, 9), (31, 10), (31, 11), (31, 12), (31, 13), (31, 14)]
Number of visited nodes: 169
Path length: 52
Path cost: 56.79898987322333
XXXXXXXXXXXXXXXXXXXXXXXXXXXXXXXXX
XS111111111111111111111111111111X
X11111111111111111111111111111X1X
X11111111111111111111111111111X1X
X11111111111111111111111111111X1X
X11111111111111111111111111111X1X
X11111111111111111111111111111X1X
X11111111111111111111111111111X1X
X11111111111111111111111111111X1X
X11111111111111111111111111111X1X
X11111111111111111111111111111X1X
X11111111111111111111111111111X1X
X11111111111111111111111111111X1X
X1XXXXXXXXXXXXXXXXXXXXXXXXXXXXX1X
X111111111111111111111111111111GX
XXXXXXXXXXXXXXXXXXXXXXXXXXXXXXXXX

Algorithm: astar
Heuristic: euclidian
[(1, 1), (2, 2), (3, 3), (4, 4), (5, 5), (6, 6), (7, 7), (6, 8), (5, 9), (4, 10), (3, 11), (2, 12), (1, 13), (2, 14), (3, 14), (4, 14), (5, 14), (6, 14), (7, 14), (8, 14), (9, 14), (10, 14), (11, 14), (12, 14), (13, 14), (14, 14), (15, 14), (16, 14), (17, 14), (18, 14), (19, 14), (20, 14), (21, 14), (22, 14), (23, 14), (24, 14), (25, 14), (26, 14), (27, 14), (28, 14), (29, 14), (30, 14), (31, 14)]
Number of visited nodes: 382
Path length: 43
Path cost: 47.38477631085024
XXXXXXXXXXXXXXXXXXXXXXXXXXXXXXXXX
XS111111111111111111111111111111X
X11111111111111111111111111111X1X
X11111111111111111111111111111X1X
X11111111111111111111111111111X1X
X11111111111111111111111111111X1X
X11111111111111111111111111111X1X
X11111111111111111111111111111X1X
X11111111111111111111111111111X1X
X11111111111111111111111111111X1X
X11111111111111111111111111111X1X
X11111111111111111111111111111X1X
X11111111111111111111111111111X1X
X1XXXXXXXXXXXXXXXXXXXXXXXXXXXXX1X
X111111111111111111111111111111GX
XXXXXXXXXXXXXXXXXXXXXXXXXXXXXXXXX

Algorithm: astar
Heuristic: manhattan
[(1, 1), (2, 2), (3, 3), (4, 4), (5, 5), (6, 6), (7, 7), (6, 8), (5, 9), (4, 10), (3, 11), (2, 12), (1, 13), (2, 14), (3, 14), (4, 14), (5, 14), (6, 14), (7, 14), (8, 14), (9, 14), (10, 14), (11, 14), (12, 14), (13, 14), (14, 14), (15, 14), (16, 14), (17, 14), (18, 14), (19, 14), (20, 14), (21, 14), (22, 14), (23, 14), (24, 14), (25, 14), (26, 14), (27, 14), (28, 14), (29, 14), (30, 14), (31, 14)]
Number of visited nodes: 357
Path length: 43
Path cost: 47.38477631085024
